782
160
84
45
269
656
420
597
193
154
257
775
413
408
657
25
447
438
123
405
48
212
255
228
224
23
70
519
95
433
378
395
334
166
979
237
358
467
417
133
846
443
902
491
368
1117
512
875
1197
105
813
394
627
1268
316
388
175
766
118
982
1059
471
1166
215
397
201
840
77
510
193
222
476
257
138
495
907
557
249
952
967
452
136
555
50
57
562
719
199
42
375
33
578
219
4
159
1185
106
770
937
509
474
47
243
118
1076
441
117
98
696
606
1045
233
20
188
62
1061
733
128
637
1034
135
952
244
530
42
451
842
83
707
240
484
98
1046
851
41
356
1097
1039
548
221
142
74
551
750
477
313
279
315
138
1210
86
450
907
689
1275
439
128
926
489
254
520
58
965
48
24
77
153
512
817
633
1198
661
520
584
3
106
792
705
816
124
541
521
895
800
1263
845
14
647
1017
195
233
149
468
162
1001
854
730
403
832
98
693
442
33
430
977
125
953
359
159
277
645
256
1113
511
184
989
143
816
12
464
698
588
890
307
455
454
262
5
60
218
325
390
366
78
198
570
379
104
54
529
1160
819
92
170
91
214
1013
77
282
196
1214
1026
760
1079
542
140
137
327
283
79
91
329
213
599
95
78
23
547
913
358
438
92
413
278
1056
43
42
969
359
585
992
785
623
891
115
22
541
394
475
652
338
63
367
228
500
921
1126
914
455
599
622
730
55
9
495
741
191
727
389
869
470
374
134
1194
1207
55
301
907
703
1153
91
832
745
728
143
166
624
486
1041
557
128
1058
946
1098
777
906
1191
512
368
416
412
507
337
152
520
285
170
675
955
543
868
45
321
132
464
327
661
869
759
634
137
289
969
550
801
1341
852
