正在比较文件 a.out 和 EX_STACK2.OUT
***** a.out
831155 19373615 445398839 316498301 105121670 226545817 82314074 495702628 468112035 306010484 102820061 476791378 289766631 51
4056678 385428243 396236847 47283578 536460088 
369025 490957 3336473 13006580 29228725 30917141 197410737 244476812 273947978 291465962 279063492 171997571 285945811 22659161
5 310936397 468671983 308322242 418245326 401796675 454333328 47268028 345163343 377349038 396851869 359946431 478460608 261834
409 399446830 325408078 243161558 216233785 194345043 70780147 289217081 397049590 482875763 239009169 343204814 53508418 26865
2023 287908396 234423386 250901307 221107633 34513429 484551702 501057013 491863601 75772673 221597833 101504769 372906717 9683
***** EX_STACK2.OUT
831155 19373615 445398839 316498301 105121670 226545817 82314074 495702628 468112035 306010484 102820061 476791378 289766631 51
4056678 385428243 396236847 47283578 536460088
369025 490957 3336473 13006580 29228725 30917141 197410737 244476812 273947978 279063492 171997571 285945811 226591615 29146596
2 310936397 418245326 454333328 47268028 377349038 359946431 261834409 325408078 243161558 216233785 194345043 70780147 2892170
81 397049590 468671983 308322242 401796675 345163343 396851869 478460608 399446830 482875763 239009169 343204814 53508418 26865
2023 287908396 234423386 250901307 221107633 34513429 484551702 501057013 491863601 75772673 221597833 101504769 372906717 9683
*****

重新同步失败。文件差异过大。
***** a.out
219705 504152333 268397037 398838645 280122634 535857521 409159654 232849614 300629132 512957543 239273085 213941054 314559974 
503333598 400499233 536850672 
173465 2396272 2459122 6230810 3744887 17153228 21819412 18600800 19299846 12318970 27771928 16801225 19530978 4560072 27027318
 7899183 24131692 7785983 12916661 11199557 20438898 17246448 24034429 11126341 14911885 12115144 16747981 4442590 25760016 184
90532 20516663 7578755 26955227 702958 27169915 12689147 19176717 9486942 21369091 11405758 26373432 13570531 24500069 4042152 
15566812 18227659 21055667 6348947 6986447 3178569 15846109 6768453 26287349 1234851 19088656 6806754 16429049 497663 25564775 
1230742 24803756 5931570 10351188 8427468 14643829 4935835 22983059 2103800 5453520 17168799 18868753 2672324 15560412 2842897 
5652139 2341035 11815743 1982495 6829780 15390777 15483159 11080376 24809948 7648365 15683833 17574963 17704862 2321341 2079135
2 916480 17632722 2622346 9145509 1358899 27651361 485425 13304409 1664152 14081549 6595011 28379782 28608059 29133771 32814600
 41959232 51235540 56171398 29195791 51019632 34030079 44085269 32397674 48956193 37204188 47584952 33645774 54205814 34704065 
39523958 29738022 39132710 35578863 35627873 37192284 51117555 29231460 41052914 40726091 52074328 30790700 32256987 33777051 5
6436407 48311700 49787981 30944174 55430961 32726981 44293573 34201437 51246761 40504166 44417902 35984549 41764890 45518481 56
151065 39210801 55948402 32003163 41187287 35573997 54901685 33468589 51836898 44279042 54023651 37493461 42771228 31230007 350
91087 40055307 40395726 32176827 54798229 47713419 56360521 33282320 42027578 30146577 33151494 52404360 52536738 38788337 4075
5338 36003047 38403021 49394677 55997603 32687690 41710299 34456415 42254150 32614339 49678783 35661379 36594057 28726752 44878
233 39390874 56583852 40849304 55035031 31414256 37170651 29438974 37202368 37039489 45708819 52789693 57411743 57561892 579707
84 58303572 59054309 61279178 61840611 65525823 65619956 67654333 75566720 60831102 81116263 68709447 82469506 78552090 8106783
7 62000850 78364213 62914991 78402307 59632653 78098819 74801353 80745453 75773039 84546518 58936263 61866863 77308389 82973060
 63940910 80905404 73189646 82185061 64103311 81323837 59897050 76452647 63060701 83035054 61573695 72873737 60605764 67363196 
70862573 73048463 60916148 75815499 70793365 78334936 68154193 68994384 60610429 68454490 66908606 83839330 67392805 81685194 6
7927440 81181599 62508519 84787105 84046161 84797089 67892681 81700939 78924073 83930556 65502551 73323679 61328167 67137034 61
079243 71624498 67877207 84804312 68230566 72298401 78688245 80358135 76408807 78962346 58536890 80331600 66494283 81799333 664
78020 84197646 78958443 82323648 75507744 84330541 70338022 73513933 77010657 77525364 76288270 78306608 68274661 84815352 8655
9398 95324502 89451793 100733118 89168041 94664237 88349096 103553583 106494127 108969386 106752858 107305262 88893488 10581840
9 88806040 103893859 85995199 99518925 103281653 104592186 103767016 103799724 99800469 110097583 92331751 110213205 89772635 9
1709655 87128673 97292420 105796816 109310856 86168342 98459334 89621253 108762463 101227305 106268714 107483626 110992230 1039
19844 112700943 88297165 109875524 85911527 111028108 84952466 96589923 97448292 102556450 101807153 111461150 86109088 1073934
45 101766045 109205900 91411255 98400164 98370427 99323007 103634820 103645136 104974570 109988127 95332122 104233342 97746580 
111397636 92605773 108899265 100644207 106669493 88360263 97065416 89858627 100533677 95261834 109416656 91534550 97028218 9246
9999 109658964 109254139 112338536 89217386 102885689 90446646 92112235 89614387 99485157 91506098 95938373 95736270 104522561 
104291058 105901532 85835684 86789905 87019162 112784993 112911338 113624239 115671418 116728088 116668591 125647621 126399815 
135494079 116971643 129498973 121295157 121507756 128536309 135362633 131887289 132468268 115252525 115257866 127451861 1286537
40 130676698 134683378 113887430 126845181 113610551 129870562 122688275 132029134 122363491 126530944 127320021 136553746 1278
03563 135069502 123090017 124627405 121337914 127655277 116795832 116817016 113991899 132685702 116924776 120578389 119033008 1
30991887 116403108 121934021 125212749 126633725 125839447 129248806 123327139 125920682 118168630 127309606 125179583 13514793
9 114383856 135286384 115797517 135906658 122593328 122945863 125132976 131348819 113850652 131444095 120251102 126962775 13545
7333 136029253 134407814 134709935 112942580 125959311 128085605 133028430 125977792 130856780 127794844 137430864 134831896 13
7209282 116145114 123950882 130301529 134784931 114070958 123707662 118838504 121731933 112809020 136713033 116179007 124442597
 126531891 127724535 137025911 137700554 142027307 142486263 143750303 152586197 151217299 158078808 160423405 164982886 160719
065 163027795 147502623 154577897 156527592 156576645 151142635 164398612 151527532 162895499 144857572 162446942 143786588 149
217449 138408811 158158964 141310248 147212849 150858466 164010004 141206294 151882107 145021503 157044935 148160548 161092640 
137773697 164754737 148255531 148299136 137774245 143970344 148010054 148946948 164610292 166068770 140086322 141463036 1516535
06 160337588 140065090 147059531 141469680 155203034 141109766 158925491 148944133 164032133 152503801 161716976 157231947 1614
15551 150688792 161766369 145550616 161669186 157747283 161200007 140699417 164353359 150265686 162685490 140052002 145327077 1
37841985 138219492 138214400 158937195 139987821 150594540 141561847 162018694 148865246 162176135 165461008 166587973 15513455
7 164682994 145123799 158464410 158684236 166615458 138036757 166115556 157188196 166244709 140386866 151779793 153515991 16409
5451 147989386 166832534 166842123 166872542 167278435 183436315 178234602 188263563 189033978 181051200 190872920 173338574 17
9435187 181048413 185748113 177064421 190549347 171433380 181520705 185733067 191355709 171723843 189037535 169852949 172080926
 169462195 170702782 191322453 191323519 171366588 174758997 184184153 184382170 178757058 187041254 188563645 189171581 169674
499 172191656 174856398 174891599 171602706 189822101 180737574 188045405 177146857 180746277 178640651 184177339 175721404 186
803758 179137753 179319120 174530219 188045154 169789678 174601209 169236804 186871936 185616173 187300034 184734438 189828130 
187946572 188254098 173040144 179036180 171546703 191540986 174713369 182391553 170041748 176289495 176089085 183658295 1699645
06 182637409 168909214 181553436 169269987 188668668 176839292 185238509 170790735 185447842 169969129 173285646 169192751 1902
09719 185852085 187927144 174091194 183892313 180462182 181330360 174112864 178736400 176158896 184181676 179172984 183666699 1
91706401 191873977 195173637 197072417 197370497 215875605 192691466 210173605 194507785 214468530 202409296 212440257 19804878
9 212695663 200655965 209784251 201704747 215505674 212471013 216890475 197194327 198247381 197579679 207483068 206108622 20744
3305 213356155 214041590 194728956 206145012 198056983 198629810 204713131 205060898 197405191 210940867 196062347 201891487 19
2287501 213699844 196936509 205632754 197602879 205648280 192509402 193155317 195550870 195946784 213794505 216973819 194247146
 208987140 199339637 210549490 205722863 210829372 205330410 215504738 193474136 202442864 196185601 210540833 203790358 213706
414 203019542 209441196 211792825 213310613 192628315 217301905 196592057 197806573 213754346 217103511 196906089 206463276 211
128860 212264331 198141535 214263936 198811491 205530283 197566144 213805116 194204718 197168259 197344728 212885071 193581393 
200306332 194033639 210702575 207089786 214791770 200469792 215240744 191786838 208610877 207231196 210074752 217396947 2174008
56 218042123 218809959 220457971 233607854 236647121 231524869 234053351 235105263 235134274 233352612 240187664 226384687 2322
71320 219714253 237448807 221649363 233612318 220089973 238879270 219127136 219452450 229194608 235085759 223070168 232298552 2
24925635 231517465 218695893 231246650 228493762 236137333 228786309 231538659 222147902 228804286 219226275 224670015 22361272
6 227033568 219466532 236845690 229117514 233778457 217549297 236239051 221919353 236153809 229339421 239114632 218280995 22008
8281 234051671 235366229 235240293 237356858 218241031 229783928 227336258 233234297 222386806 226542362 219164932 234813168 21
8972728 234197329 231818727 237723867 234235054 237967740 222425115 230975714 218160901 221115284 225591529 237113160 223225463
 226149128 234143132 239307264 217738104 226817510 220520321 228340587 220983613 233937956 220860941 221577378 228592444 231942
535 219017404 222501966 220452788 236049388 218175398 231823622 217772605 236687430 232531058 240390951 240499592 243376574 243
505923 246932060 252290934 264825743 247362463 261602804 243638618 245886318 254487396 258547147 258643142 269285260 242163689 
263527489 249146115 254492355 247954852 261110280 250064127 268038844 255999739 267497184 247981688 265569243 250800451 2687092
09 249493910 249822232 258315417 266284490 252959779 258378324 249592116 264426029 243821614 266070939 243520302 266168266 2446
46390 269504060 249477617 261522718 242830855 260189008 248129717 261201574 241918964 267820180 248172919 268189256 247014400 2
56362296 246631135 257620244 245127025 249889340 245023719 269073638 243014310 263107265 257299315 257427755 242222240 24913716
9 245759542 252930629 242557709 252605454 241895984 263009180 249806093 263701726 245285424 253917126 257023624 258541921 24793
4435 256691389 243010870 245047755 242544933 263531528 264945791 269935305 253393258 265819236 254493857 263003910 245671955 25
2083599 244164293 266216421 253953672 254416333 260516576 261858025 242417444 270329440 270833948 270958484 272187130 272192228
 273116467 277318154 277442763 285708798 277717771 287958248 276315476 285581203 284924591 290492872 280670078 287414111 275511
272 277591482 282377906 284111852 282134261 288643000 272139271 284047733 289574418 291205626 283798754 286937453 276202700 286
368296 272509918 273643662 273790369 274792594 285678736 294744532 276173575 290689011 285707519 295471507 277521175 291464583 
275496410 292261055 286426667 289740881 271653855 295406904 276631919 281687811 281629003 285637857 272923067 289108919 2854891
24 285851026 286774442 289655378 292878139 293258285 276971463 282877744 272380730 282816150 285409659 288699776 275021703 2848
38732 274124476 290948730 291448348 294590974 289512345 293807576 291958524 296500391 271294860 278690889 284705737 291657801 2
79841050 289014403 289921538 295154186 274176325 277122076 282119713 296230992 273304789 287081615 271509156 282403772 27482416
8 294792412 284309854 293405129 272786270 291938030 292243794 296882396 302202402 304413402 304673593 305854325 313477872 29804
2571 322988342 306193606 310391847 310563233 317553816 305300900 307381230 311955741 316334020 315690852 317847849 305229501 32
3472464 306402465 321632539 308508949 315613844 312005397 317658140 312915679 321533504 309967979 321412725 316258164 317634746
 317533323 324626351 305685236 322040706 301395105 310655690 297684237 314849109 301877570 311089158 304495952 317422466 307261
972 307898106 319844224 323283676 321881271 322686303 310696160 313806704 300114636 318481298 301975850 302441748 305996979 322
821610 304551994 312398817 310645581 319183599 302751161 309016471 307593730 320074348 310611018 320642154 316950388 324069207 
301252531 308204254 310830620 312667510 305623397 316332949 303158933 307763562 310218435 312297075 307186571 313156691 3051876
08 318944428 303549706 317425241 298791694 319376781 309423577 319735325 308665905 310625881 298698683 313593499 298326390 3058
21130 317566649 322080582 298076972 309442192 325231234 325898197 326431281 326924595 328958464 329592517 333157012 338532845 3
39424084 352306276 340054113 340434461 341573495 352418253 327031125 335958266 330220351 336880459 349163302 352332238 33914274
3 350683041 338778489 352803779 332587184 345233056 329729846 337336916 329907273 335754417 331881035 351192953 330771058 34155
3700 328271078 337058183 335229017 344531087 333071136 334628652 327230480 352320160 333979100 340454954 335604686 348740622 34
2525620 350631239 334891069 340530485 328849369 341598147 346352651 347188659 327896908 330633774 328048036 329551167 334002381
 334769904 345568477 349283030 336617489 340088155 332729276 340568302 348012543 352429438 339524713 341773864 344772325 348967
837 349382599 349787586 328049836 334165509 333435736 349381934 329906106 334968364 329784193 331171186 331072844 334159937 338
***** EX_STACK2.OUT
219705 504152333 268397037 398838645 280122634 535857521 409159654 232849614 300629132 512957543 239273085 213941054 314559974 
503333598 400499233 536850672
173465 2396272 2459122 6230810 3744887 17153228 19299846 21819412 18600800 12318970 19530978 4560072 24131692 7785983 11199557 
17246448 11126341 12115144 4442590 20516663 26955227 702958 19176717 21369091 11405758 24500069 4042152 21055667 6986447 158461
09 26287349 1234851 16429049 25564775 24803756 5931570 14643829 22983059 5453520 17168799 2672324 2842897 11815743 1982495 1539
0777 11080376 15683833 17574963 20791352 916480 2622346 1358899 485425 1664152 6595011 14081549 13304409 27651361 9145509 17632
722 2321341 17704862 7648365 24809948 15483159 6829780 2341035 5652139 15560412 18868753 2103800 4935835 8427468 10351188 12307
42 497663 6806754 19088656 6768453 3178569 6348947 18227659 15566812 13570531 26373432 9486942 12689147 27169915 7578755 184905
32 25760016 16747981 14911885 24034429 20438898 12916661 7899183 27027318 16801225 27771928 28379782 28608059 29133771 32814600
 41959232 51235540 29195791 34030079 32397674 47584952 33645774 34704065 29738022 35627873 37192284 29231460 40726091 32256987 
56171398 51019632 44085269 48956193 37204188 54205814 39523958 39132710 35578863 51117555 41052914 52074328 30790700 33777051 4
8311700 55430961 32726981 34201437 44417902 41764890 45518481 55948402 32003163 35573997 33468589 54023651 42771228 31230007 40
395726 32176827 56360521 42027578 30146577 52536738 38788337 38403021 49394677 41710299 42254150 32614339 35661379 28726752 564
36407 49787981 30944174 44293573 51246761 40504166 35984549 56151065 39210801 41187287 54901685 51836898 44279042 37493461 3509
1087 40055307 54798229 47713419 33282320 33151494 52404360 40755338 36003047 55997603 32687690 34456415 49678783 36594057 44878
233 39390874 40849304 37170651 29438974 37039489 52789693 45708819 37202368 31414256 55035031 56583852 57411743 57561892 579707
84 58303572 59054309 61279178 61840611 65525823 65619956 67654333 75566720 60831102 68709447 81067837 62000850 62914991 5963265
3 74801353 81116263 82469506 78552090 78364213 78402307 78098819 80745453 75773039 61866863 82973060 63940910 82185061 64103311
 59897050 83035054 72873737 67363196 73048463 75815499 70793365 68154193 68454490 66908606 81685194 67927440 62508519 84046161 
67892681 83930556 73323679 61328167 71624498 84546518 58936263 77308389 80905404 73189646 81323837 76452647 63060701 61573695 6
0605764 70862573 60916148 78334936 68994384 60610429 83839330 67392805 81181599 84787105 84797089 81700939 78924073 65502551 67
137034 61079243 67877207 72298401 78688245 78962346 80331600 66494283 66478020 82323648 84330541 73513933 77525364 78306608 682
74661 76288270 77010657 70338022 75507744 78958443 84197646 81799333 58536890 76408807 80358135 68230566 84804312 84815352 8655
9398 89451793 94664237 88349096 95324502 100733118 89168041 103553583 106494127 107305262 105818409 88806040 99518925 104592186
 103767016 108969386 106752858 88893488 103893859 85995199 103281653 103799724 99800469 92331751 89772635 97292420 105796816 86
168342 108762463 101227305 110097583 110213205 91709655 87128673 109310856 98459334 89621253 106268714 107483626 110992230 1039
19844 109875524 85911527 84952466 102556450 101807153 86109088 109205900 91411255 99323007 103645136 104974570 95332122 9774658
0 108899265 100644207 88360263 89858627 109416656 97028218 92469999 109254139 89217386 90446646 89614387 91506098 95736270 1059
01532 86789905 87019162 85835684 104291058 104522561 95938373 99485157 92112235 102885689 112338536 109658964 91534550 95261834
 100533677 97065416 106669493 92605773 111397636 104233342 109988127 103634820 98370427 98400164 101766045 107393445 111461150 
97448292 96589923 111028108 88297165 112700943 112784993 112911338 113624239 115671418 116728088 116668591 125647621 126399815 
129498973 121507756 135362633 132468268 115257866 127451861 134683378 113887430 129870562 122688275 122363491 135494079 1169716
43 121295157 128536309 131887289 115252525 128653740 130676698 126845181 113610551 132029134 126530944 127320021 135069502 1246
27405 127655277 116817016 113991899 120578389 119033008 116403108 126633725 129248806 123327139 127309606 135147939 135286384 1
15797517 122945863 125132976 131444095 120251102 136029253 134407814 112942580 133028430 125977792 127794844 134831896 12395088
2 134784931 123707662 121731933 136553746 127803563 123090017 121337914 116795832 132685702 116924776 130991887 121934021 12521
2749 125839447 125920682 118168630 125179583 114383856 135906658 122593328 131348819 113850652 126962775 135457333 134709935 12
5959311 128085605 130856780 136713033 116179007 126531891 137025911 127724535 124442597 112809020 118838504 114070958 130301529
 116145114 137209282 137430864 137700554 142027307 142486263 143750303 152586197 151217299 158078808 160423405 160719065 154577
897 156527592 164398612 162895499 162446942 149217449 158158964 147212849 150858466 151882107 157044935 161092640 137773697 148
299136 137774245 148010054 164610292 141463036 160337588 140065090 141469680 158925491 148944133 161716976 157231947 150688792 
145550616 161200007 140699417 162685490 145327077 137841985 158937195 150594540 162018694 162176135 164982886 163027795 1475026
23 156576645 151142635 151527532 144857572 143786588 138408811 141310248 164010004 141206294 145021503 148160548 164754737 1482
55531 143970344 148946948 166068770 140086322 151653506 147059531 155203034 141109766 164032133 152503801 161415551 161766369 1
61669186 157747283 164353359 150265686 140052002 138219492 138214400 139987821 141561847 148865246 165461008 164682994 15846441
0 166587973 155134557 145123799 158684236 166115556 157188196 140386866 153515991 147989386 164095451 151779793 166244709 13803
6757 166615458 166832534 166842123 166872542 167278435 183436315 178234602 188263563 189033978 181051200 173338574 181048413 17
7064421 171433380 190872920 179435187 185748113 190549347 181520705 185733067 189037535 169852949 170702782 191323519 174758997
 184184153 178757058 189171581 172191656 174856398 189822101 180737574 177146857 184177339 186803758 179319120 174530219 174601
209 186871936 187300034 189828130 187946572 179036180 191355709 171723843 172080926 169462195 191322453 171366588 184382170 187
041254 188563645 169674499 174891599 171602706 188045405 180746277 178640651 175721404 179137753 188045154 169789678 169236804 
185616173 184734438 188254098 173040144 171546703 174713369 170041748 176089085 182637409 168909214 169269987 176839292 1707907
35 169969129 169192751 185852085 174091194 181330360 174112864 184181676 179172984 183666699 176158896 178736400 180462182 1838
92313 187927144 190209719 173285646 185447842 185238509 188668668 181553436 169964506 183658295 176289495 182391553 191540986 1
91706401 191873977 195173637 197072417 197370497 210173605 214468530 212440257 212695663 200655965 215505674 212471013 19824738
1 197579679 207443305 214041590 206145012 198629810 205060898 197405191 196062347 213699844 196936509 205648280 193155317 19555
0870 215875605 192691466 194507785 202409296 198048789 209784251 201704747 216890475 197194327 207483068 206108622 213356155 19
4728956 198056983 204713131 210940867 201891487 192287501 205632754 197602879 192509402 195946784 213794505 208987140 210549490
 210829372 205330410 193474136 196185601 213706414 203019542 213310613 216973819 194247146 199339637 205722863 215504738 202442
864 210540833 203790358 209441196 211792825 192628315 197806573 217103511 196906089 211128860 214263936 198811491 197566144 197
168259 212885071 200306332 210702575 207089786 200469792 208610877 207231196 210074752 191786838 215240744 214791770 194033639 
193581393 197344728 194204718 213805116 205530283 198141535 212264331 206463276 213754346 196592057 217301905 217396947 2174008
56 218042123 218809959 220457971 233607854 234053351 235134274 233352612 232271320 236647121 231524869 235105263 237448807 2216
49363 220089973 219452450 229194608 223070168 224925635 218695893 236137333 228786309 228804286 219226275 223612726 219466532 2
33778457 217549297 236153809 229339421 218280995 234051671 237356858 218241031 227336258 226542362 234813168 218972728 23181872
7 237967740 230975714 221115284 237113160 223225463 234143132 226817510 228340587 220983613 221577378 228592444 219017404 23604
9388 231823622 236687430 232531058 217772605 218175398 220452788 222501966 231942535 220860941 233937956 220520321 217738104 23
9307264 226149128 225591529 218160901 222425115 234235054 237723867 234197329 219164932 222386806 233234297 229783928 235240293
 235366229 220088281 239114632 221919353 236239051 229117514 236845690 227033568 224670015 222147902 231538659 228493762 231246
650 231517465 232298552 235085759 219127136 238879270 233612318 219714253 226384687 240187664 240390951 240499592 243376574 243
505923 246932060 252290934 261602804 245886318 254487396 264825743 247362463 243638618 258547147 258643142 263527489 254492355 
247954852 250064127 267497184 265569243 268709209 249493910 266284490 258378324 249592116 266070939 243520302 244646390 2615227
18 260189008 261201574 267820180 268189256 247014400 246631135 249889340 269073638 263107265 257427755 242222240 252930629 2526
05454 263009180 263701726 245285424 257023624 256691389 245047755 263531528 269285260 242163689 249146115 261110280 268038844 2
55999739 247981688 250800451 249822232 258315417 252959779 264426029 243821614 266168266 269504060 249477617 242830855 24812971
7 241918964 248172919 256362296 257620244 245127025 245023719 243014310 257299315 249137169 245759542 242557709 241895984 24980
6093 253917126 258541921 247934435 243010870 242544933 264945791 253393258 263003910 245671955 244164293 253953672 261858025 24
2417444 260516576 254416333 266216421 252083599 254493857 265819236 269935305 270329440 270833948 270958484 272187130 272192228
 273116467 277318154 277442763 277717771 285581203 284924591 280670078 275511272 282377906 285708798 287958248 276315476 288643
000 284047733 290492872 287414111 277591482 284111852 282134261 272139271 289574418 283798754 286368296 272509918 273790369 291
205626 286937453 276202700 273643662 274792594 285678736 290689011 294744532 276173575 285707519 277521175 292261055 289740881 
271653855 276631919 285637857 272923067 285851026 286774442 292878139 276971463 272380730 288699776 275021703 274124476 2914483
48 293807576 291958524 271294860 284705737 279841050 295154186 274176325 295471507 291464583 275496410 286426667 295406904 2816
87811 281629003 289108919 285489124 289655378 293258285 282877744 282816150 285409659 284838732 290948730 294590974 289512345 2
96230992 287081615 271509156 274824168 284309854 291938030 292243794 272786270 293405129 294792412 282403772 273304789 28211971
3 277122076 289921538 289014403 291657801 278690889 296500391 296882396 302202402 304413402 304673593 305854325 313477872 29804
2571 310391847 310563233 305300900 311955741 315690852 305229501 321632539 308508949 317658140 312915679 309967979 317634746 32
2988342 306193606 317553816 307381230 316334020 317847849 323472464 306402465 315613844 312005397 321533504 321412725 316258164
 317533323 305685236 310655690 314849109 311089158 304495952 307898106 319844224 321881271 313806704 300114636 302441748 322821
610 312398817 310645581 302751161 307593730 310611018 316950388 301252531 310830620 305623397 303158933 312297075 307186571 318
944428 317425241 298791694 319735325 308665905 313593499 305821130 317566649 309442192 298076972 322080582 298326390 298698683 
310625881 309423577 319376781 303549706 305187608 313156691 310218435 307763562 316332949 312667510 308204254 324069207 3206421
54 320074348 309016471 319183599 304551994 305996979 301975850 318481298 310696160 322686303 323283676 307261972 317422466 3018
77570 297684237 301395105 322040706 324626351 325231234 325898197 326431281 326924595 328958464 329592517 333157012 338532845 3
39424084 340434461 341573495 335958266 330220351 349163302 339142743 352306276 340054113 352418253 327031125 336880459 35233223
8 350683041 338778489 345233056 337336916 329907273 331881035 330771058 328271078 344531087 334628652 327230480 333979100 33560
4686 342525620 340530485 341598147 346352651 330633774 328048036 334002381 345568477 336617489 340568302 348012543 341773864 34
8967837 349787586 334165509 349381934 334968364 329784193 331072844 338814536 330085975 340340655 327868458 344783603 332145470
 345579481 331001984 327382668 343620821 346214202 337968508 336804284 347639967 350620463 352803779 332587184 329729846 335754
417 351192953 341553700 337058183 335229017 333071136 352320160 340454954 348740622 350631239 334891069 328849369 347188659 327
*****

